7.0
7.0
6.0
8.0
5.0
7.0
5.0
5.0
12.0
6.0
10.0
14.0
16.0
21.0
24.0
36.0
30.0
31.0
54.0
64.0
77.0
106.0
86.0
156.0
193.0
242.0
317.0
430.0
454.0
608.0
649.0
767.0
914.0
998.0
1117.0
1232.0
1389.0
1456.0
1568.0
1674.0
1846.0
1951.0
2007.0
2093.0
2057.0
2185.0
2268.0
2353.0
2433.0
2482.0
2538.0
2546.0
2566.0
2680.0
2609.0
2730.0
2716.0
2671.0
2657.0
2644.0
2679.0
2661.0
2564.0
2522.0
2408.0
2329.0
2204.0
2241.0
1969.0
1812.0
1763.0
1680.0
1542.0
1421.0
1292.0
1172.0
1091.0
1083.0
941.0
853.0
857.0
756.0
728.0
673.0
670.0
631.0
579.0
628.0
557.0
536.0
589.0
510.0
475.0
516.0
536.0
484.0
485.0
487.0
534.0
497.0
479.0
471.0
505.0
481.0
498.0
504.0
541.0
503.0
476.0
460.0
483.0
494.0
489.0
449.0
460.0
451.0
445.0
451.0
447.0
445.0
423.0
417.0
396.0
392.0
395.0
363.0
389.0
370.0
355.0
383.0
327.0
327.0
308.0
271.0
294.0
265.0
274.0
237.0
226.0
223.0
215.0
214.0
209.0
187.0
187.0
157.0
168.0
159.0
174.0
149.0
161.0
128.0
140.0
159.0
127.0
129.0
119.0
113.0
121.0
120.0
89.0
103.0
111.0
83.0
108.0
105.0
99.0
108.0
75.0
77.0
95.0
74.0
89.0
67.0
77.0
69.0
84.0
72.0
71.0
63.0
86.0
82.0
72.0
63.0
58.0
60.0
61.0
55.0
54.0
56.0
70.0
59.0
63.0
55.0
42.0
54.0
48.0
43.0
57.0
56.0
49.0
49.0
49.0
49.0
48.0
32.0
51.0
34.0
40.0
39.0
22.0
26.0
42.0
33.0
29.0
20.0
20.0
26.0
28.0
21.0
25.0
32.0
24.0
27.0
24.0
20.0
27.0
25.0
9.0
27.0
22.0
25.0
17.0
22.0
24.0
12.0
16.0
19.0
20.0
23.0
16.0
23.0
16.0
12.0
17.0
13.0
8.0
13.0
11.0
9.0
11.0
14.0
12.0
6.0
9.0
9.0
