41.0
22.0
37.0
32.0
54.0
65.0
78.0
90.0
128.0
141.0
167.0
160.0
195.0
245.0
240.0
267.0
311.0
330.0
405.0
499.0
536.0
707.0
834.0
936.0
1123.0
1464.0
1768.0
2034.0
2488.0
2898.0
3247.0
3744.0
4102.0
4575.0
5107.0
5343.0
5656.0
6020.0
6235.0
6619.0
6583.0
6791.0
6864.0
6995.0
7231.0
7322.0
7310.0
7310.0
7408.0
7518.0
7563.0
7547.0
7572.0
7679.0
7621.0
7470.0
7347.0
7163.0
7299.0
6760.0
6831.0
6367.0
6202.0
5840.0
5467.0
4920.0
4689.0
4441.0
3861.0
3684.0
3383.0
3211.0
2809.0
2663.0
2521.0
2260.0
2155.0
2000.0
1852.0
1756.0
1687.0
1559.0
1511.0
1408.0
1429.0
1354.0
1360.0
1246.0
1289.0
1235.0
1281.0
1175.0
1211.0
1246.0
1162.0
1209.0
1164.0
1134.0
1141.0
1059.0
1104.0
1080.0
1101.0
1035.0
1074.0
1021.0
1041.0
1018.0
949.0
941.0
976.0
921.0
847.0
888.0
887.0
797.0
838.0
732.0
747.0
695.0
692.0
676.0
670.0
641.0
563.0
545.0
563.0
531.0
516.0
491.0
456.0
460.0
431.0
386.0
407.0
397.0
387.0
339.0
344.0
310.0
303.0
316.0
256.0
263.0
255.0
246.0
249.0
243.0
214.0
208.0
194.0
200.0
204.0
181.0
205.0
154.0
162.0
170.0
169.0
139.0
154.0
160.0
153.0
124.0
133.0
146.0
114.0
105.0
130.0
130.0
117.0
122.0
97.0
140.0
127.0
88.0
105.0
79.0
98.0
97.0
99.0
90.0
79.0
98.0
85.0
70.0
75.0
78.0
64.0
65.0
58.0
67.0
58.0
62.0
62.0
59.0
52.0
56.0
43.0
46.0
51.0
46.0
47.0
43.0
41.0
41.0
44.0
28.0
35.0
37.0
35.0
31.0
36.0
25.0
28.0
32.0
42.0
26.0
25.0
20.0
28.0
30.0
38.0
28.0
17.0
28.0
29.0
27.0
22.0
15.0
19.0
22.0
18.0
19.0
19.0
14.0
21.0
17.0
21.0
20.0
14.0
12.0
14.0
19.0
18.0
10.0
12.0
18.0
11.0
13.0
12.0
10.0
9.0
15.0
10.0
716.0
